-0.136707 -0.0658408 0.209227 0.426479 0.532637 0.562039 0.532638 0.42648 0.20923 -0.065838 -0.136707 
-0.0466975 0.341969 0.588383 0.672719 0.694455 0.698545 0.694455 0.672719 0.588384 0.341971 -0.0466958 
0.283693 0.608873 0.693895 0.705717 0.706912 0.707023 0.706912 0.705717 0.693896 0.608873 0.283694 
0.515852 0.687008 0.706232 0.707094 0.707113 0.707113 0.707113 0.707094 0.706232 0.687008 0.515851 
0.611828 0.702202 0.707051 0.707113 0.707113 0.707113 0.707113 0.707113 0.707051 0.702202 0.611827 
0.635218 0.704416 0.707096 0.707113 0.707113 0 0.707113 0.707113 0.707096 0.704416 0.635217 
0.611827 0.702202 0.707051 0.707113 0.707113 0.707113 0.707113 0.707113 0.707051 0.702202 0.611827 
0.515851 0.687008 0.706232 0.707094 0.707113 0.707113 0.707113 0.707094 0.706232 0.687008 0.515851 
0.283692 0.608873 0.693895 0.705717 0.706912 0.707023 0.706912 0.705717 0.693895 0.608873 0.283694 
-0.0466986 0.341968 0.588382 0.672719 0.694455 0.698545 0.694455 0.672719 0.588383 0.34197 -0.0466961 
-0.136707 -0.065842 0.209226 0.426477 0.532636 0.562038 0.532637 0.426479 0.209229 -0.0658383 -0.136707 
