-0.0434441 0.0425406 0.0698038 0.042545 0.016482 -1.66481e-05 -0.0165139 -0.0425715 -0.069818 -0.0425386 0.0434496 
0.042541 0.0755768 0.035114 0.00951193 0.00205158 -1.43363e-05 -0.00208013 -0.00953971 -0.0351382 -0.0755897 -0.0425381 
0.0698085 0.0351182 0.00631571 0.000607655 4.22144e-05 -9.66352e-06 -6.15394e-05 -0.000626951 -0.00633461 -0.035134 -0.0698134 
0.0425556 0.0095212 0.000612421 8.6256e-06 -4.72164e-06 -4.89221e-06 -5.06278e-06 -1.84097e-05 -0.000622185 -0.00953045 -0.042561 
0.016498 0.00206575 5.17569e-05 5.03512e-08 -1.20149e-07 -1.20148e-07 -1.20209e-07 -2.90777e-07 -5.19972e-05 -0.00206597 -0.0164979 
3.79586e-06 4.60303e-06 4.65126e-06 4.65177e-06 4.65178e-06 0 4.65179e-06 4.6518e-06 4.65137e-06 4.60676e-06 3.83251e-06 
-0.0164908 -0.0020566 -4.24559e-05 9.25318e-06 9.4237e-06 9.42372e-06 9.4238e-06 9.59438e-06 6.12988e-05 0.00207514 0.0165052 
-0.0425498 -0.00951236 -0.00060314 6.77478e-07 1.40252e-05 1.41958e-05 1.43664e-05 2.77131e-05 0.000631474 0.00953936 0.0425669 
-0.0698056 -0.0351106 -0.00630664 -0.000598374 -3.29134e-05 1.89663e-05 7.08416e-05 0.000636242 0.00634375 0.0351418 0.0698163 
-0.0425415 -0.0755725 -0.0351063 -0.00950306 -0.00204242 2.35609e-05 0.00208933 0.00954868 0.0351461 0.0755941 0.0425372 
0.0434427 -0.0425408 -0.0698005 -0.0425389 -0.0164746 2.45239e-05 0.0165215 0.0425778 0.0698213 0.0425378 -0.0434512 
