0.136708 0.0466944 -0.283696 -0.515853 -0.611828 -0.635218 -0.611827 -0.51585 -0.283692 0.0466988 0.136707 
0.0658377 -0.341972 -0.608874 -0.687008 -0.702202 -0.704416 -0.702202 -0.687008 -0.608873 -0.341968 0.0658413 
-0.20923 -0.588384 -0.693896 -0.706232 -0.707051 -0.707096 -0.707051 -0.706232 -0.693895 -0.588382 -0.209227 
-0.42648 -0.672719 -0.705717 -0.707094 -0.707113 -0.707113 -0.707113 -0.707094 -0.705717 -0.672719 -0.426478 
-0.532637 -0.694455 -0.706912 -0.707113 -0.707113 -0.707113 -0.707113 -0.707113 -0.706912 -0.694455 -0.532636 
-0.562039 -0.698545 -0.707023 -0.707113 -0.707113 0 -0.707113 -0.707113 -0.707023 -0.698545 -0.562038 
-0.532637 -0.694455 -0.706912 -0.707113 -0.707113 -0.707113 -0.707113 -0.707113 -0.706912 -0.694455 -0.532636 
-0.42648 -0.672719 -0.705717 -0.707094 -0.707113 -0.707113 -0.707113 -0.707094 -0.705717 -0.672719 -0.426478 
-0.20923 -0.588384 -0.693896 -0.706232 -0.707051 -0.707096 -0.707051 -0.706232 -0.693895 -0.588382 -0.209226 
0.0658378 -0.341972 -0.608874 -0.687008 -0.702202 -0.704416 -0.702202 -0.687008 -0.608872 -0.341967 0.0658423 
0.136707 0.0466948 -0.283695 -0.515852 -0.611828 -0.635218 -0.611827 -0.515849 -0.28369 0.0467001 0.136706 
