0.0434494 -0.0425381 -0.0698162 -0.0425694 -0.0165122 -1.50559e-05 0.0164838 0.0425471 0.0698057 0.042541 -0.0434442 
-0.0425391 -0.0755898 -0.0351378 -0.00953946 -0.00208001 -1.42455e-05 0.00205171 0.00951218 0.0351144 0.0755767 0.0425399 
-0.0698146 -0.0351342 -0.00633459 -0.000626942 -6.15377e-05 -9.66272e-06 4.22161e-05 0.000607664 0.00631573 0.035118 0.0698072 
-0.0425617 -0.00953051 -0.000622184 -1.84096e-05 -5.06282e-06 -4.89222e-06 -4.72164e-06 8.62576e-06 0.000612422 0.00952113 0.0425548 
-0.0164982 -0.00206598 -5.1997e-05 -2.9082e-07 -1.20223e-07 -1.20135e-07 -1.2013e-07 5.03752e-08 5.17571e-05 0.00206574 0.0164978 
3.95621e-06 4.61414e-06 4.65139e-06 4.65177e-06 4.65178e-06 0 4.65179e-06 4.6518e-06 4.65138e-06 4.61053e-06 3.91968e-06 
0.0165057 0.00207517 6.12989e-05 9.59435e-06 9.42378e-06 9.4237e-06 9.42372e-06 9.25322e-06 -4.24558e-05 -0.00205657 -0.0164903 
0.042568 0.00953947 0.000631474 2.7713e-05 1.43664e-05 1.41958e-05 1.40252e-05 6.77388e-07 -0.00060314 -0.00951225 -0.0425487 
0.069818 0.035142 0.00634372 0.000636232 7.08396e-05 1.89653e-05 -3.29154e-05 -0.000598384 -0.00630666 -0.0351103 -0.0698039 
0.0425384 0.0755942 0.0351456 0.00954839 0.00208918 2.34553e-05 -0.00204256 -0.00950335 -0.0351068 -0.0755724 -0.0425403 
-0.043451 0.0425372 0.0698191 0.0425754 0.0165195 2.26843e-05 -0.0164766 -0.0425414 -0.0698028 -0.0425415 0.0434429 
