-0.0155249 0.105315 0.118665 0.0800489 0.0522326 0.0437352 0.0522338 0.0800518 0.118669 0.105317 -0.0155282 
0.0842517 0.0848833 0.034987 0.0105145 0.00372501 0.00246047 0.00372515 0.0105151 0.0349894 0.0848881 0.084254 
0.0711982 0.0262401 0.0040769 0.000406177 5.09025e-05 2.1228e-05 5.09058e-05 0.000406216 0.0040773 0.0262422 0.0712022 
0.0320191 0.00525716 0.000270781 5.20383e-06 7.99028e-08 1.0197e-08 7.99124e-08 5.20458e-06 0.000270815 0.00525765 0.0320212 
0.0104465 0.000931249 1.69674e-05 3.99486e-08 9.34854e-12 2.37201e-12 9.34958e-12 3.99533e-08 1.69688e-05 0.000931295 0.0104468 
4.67876e-07 4.3882e-08 6.89769e-10 -5.19955e-12 -5.96484e-12 0 -5.96512e-12 -6.74344e-12 -7.19407e-10 -4.54327e-08 -4.89765e-07 
-0.0104454 -0.000931126 -1.69645e-05 -3.99513e-08 -2.12767e-11 -1.43021e-11 -2.12824e-11 -3.99754e-08 -1.69719e-05 -0.000931426 -0.0104479 
-0.0320177 -0.00525688 -0.000270765 -5.20351e-06 -7.99114e-08 -1.02092e-08 -7.99307e-08 -5.20504e-06 -0.000270835 -0.00525797 -0.0320227 
-0.0711966 -0.0262394 -0.00407679 -0.000406168 -5.09022e-05 -2.12283e-05 -5.09075e-05 -0.000406232 -0.00407745 -0.0262431 -0.071204 
-0.0842507 -0.0848821 -0.0349866 -0.0105144 -0.00372501 -0.00246049 -0.00372521 -0.0105153 -0.0349901 -0.0848896 -0.0842549 
0.0155247 -0.105314 -0.118664 -0.0800486 -0.0522326 -0.0437355 -0.0522342 -0.0800526 -0.118671 -0.105318 0.015529 
