-0.0155275 0.0842546 0.0712034 0.0320227 0.0104483 1.3392e-06 -0.010445 -0.0320176 -0.071197 -0.0842512 0.0155255 
0.105317 0.0848873 0.0262415 0.0052568 0.00093031 -1.03923e-06 -0.000932231 -0.005258 -0.0262408 -0.0848842 -0.105315 
0.118668 0.0349878 0.00407605 0.000269591 1.57387e-05 -1.23187e-06 -1.81974e-05 -0.000272004 -0.00407815 -0.0349886 -0.118667 
0.0800497 0.0105137 0.000404972 3.9704e-06 -1.19422e-06 -1.2342e-06 -1.27412e-06 -6.43799e-06 -0.000407422 -0.0105159 -0.0800511 
0.0522321 0.00372386 4.96702e-05 -1.15428e-06 -1.23419e-06 -1.23416e-06 -1.2342e-06 -1.31408e-06 -5.21386e-05 -0.00372633 -0.0522345 
0.0437341 0.00245924 1.99939e-05 -1.22401e-06 -1.23416e-06 0 -1.23416e-06 -1.24438e-06 -2.24624e-05 -0.00246172 -0.0437366 
0.0522324 0.00372389 4.96714e-05 -1.15428e-06 -1.23419e-06 -1.23416e-06 -1.2342e-06 -1.31407e-06 -5.21378e-05 -0.00372631 -0.0522343 
0.0800504 0.0105139 0.000404987 3.97084e-06 -1.19421e-06 -1.2342e-06 -1.27411e-06 -6.43766e-06 -0.000407412 -0.0105158 -0.0800506 
0.118669 0.0349885 0.00407621 0.000269612 1.57419e-05 -1.23047e-06 -1.81946e-05 -0.000271988 -0.00407804 -0.0349882 -0.118666 
0.105318 0.0848887 0.0262424 0.00525713 0.000930444 -9.49914e-07 -0.000932111 -0.00525774 -0.0262402 -0.084883 -0.105314 
-0.0155284 0.0842554 0.0712052 0.0320243 0.0104494 2.29685e-06 -0.0104439 -0.0320162 -0.0711954 -0.08425 0.0155253 
